(kicad_pcb (version 20171130) (host pcbnew "(5.1.6)-1")

  (general
    (thickness 1.6)
    (drawings 34)
    (tracks 271)
    (zones 0)
    (modules 30)
    (nets 33)
  )

  (page A4)
  (layers
    (0 F.Cu signal)
    (1 In1.Cu power)
    (2 In2.Cu power)
    (31 B.Cu signal)
    (32 B.Adhes user)
    (33 F.Adhes user)
    (34 B.Paste user)
    (35 F.Paste user)
    (36 B.SilkS user)
    (37 F.SilkS user)
    (38 B.Mask user)
    (39 F.Mask user)
    (40 Dwgs.User user)
    (41 Cmts.User user)
    (42 Eco1.User user)
    (43 Eco2.User user)
    (44 Edge.Cuts user)
    (45 Margin user)
    (46 B.CrtYd user)
    (47 F.CrtYd user)
    (48 B.Fab user hide)
    (49 F.Fab user hide)
  )

  (setup
    (last_trace_width 0.25)
    (trace_clearance 0.2)
    (zone_clearance 0.1)
    (zone_45_only no)
    (trace_min 0.2)
    (via_size 0.8)
    (via_drill 0.4)
    (via_min_size 0.254)
    (via_min_drill 0.3)
    (uvia_size 0.3)
    (uvia_drill 0.1)
    (uvias_allowed no)
    (uvia_min_size 0.24)
    (uvia_min_drill 0.1)
    (edge_width 0.2)
    (segment_width 0.5)
    (pcb_text_width 0.3)
    (pcb_text_size 1.5 1.5)
    (mod_edge_width 0.15)
    (mod_text_size 1 1)
    (mod_text_width 0.15)
    (pad_size 1.35 1.35)
    (pad_drill 0.8)
    (pad_to_mask_clearance 0.075)
    (aux_axis_origin 0 0)
    (visible_elements 7FFFFFFF)
    (pcbplotparams
      (layerselection 0x010f0_ffffffff)
      (usegerberextensions true)
      (usegerberattributes false)
      (usegerberadvancedattributes false)
      (creategerberjobfile false)
      (excludeedgelayer true)
      (linewidth 0.100000)
      (plotframeref false)
      (viasonmask false)
      (mode 1)
      (useauxorigin false)
      (hpglpennumber 1)
      (hpglpenspeed 20)
      (hpglpendiameter 15.000000)
      (psnegative false)
      (psa4output false)
      (plotreference true)
      (plotvalue true)
      (plotinvisibletext false)
      (padsonsilk false)
      (subtractmaskfromsilk false)
      (outputformat 1)
      (mirror false)
      (drillshape 0)
      (scaleselection 1)
      (outputdirectory "R:/Documents/kiCAD/Drone/Gerbers/"))
  )

  (net 0 "")
  (net 1 +5V)
  (net 2 GND)
  (net 3 +3V3)
  (net 4 "Net-(D1-Pad2)")
  (net 5 "Net-(D2-Pad2)")
  (net 6 "Net-(D3-Pad2)")
  (net 7 "Net-(D4-Pad2)")
  (net 8 USART1_TX)
  (net 9 USART1_RX)
  (net 10 SWDIO)
  (net 11 SWCLK)
  (net 12 LED_A)
  (net 13 LED_B)
  (net 14 LED_C)
  (net 15 LED_D)
  (net 16 "Net-(R5-Pad2)")
  (net 17 "Net-(R6-Pad2)")
  (net 18 "Net-(R7-Pad2)")
  (net 19 LRESET)
  (net 20 BLANK)
  (net 21 SPI1_CS0)
  (net 22 SPI1_CLK)
  (net 23 RS)
  (net 24 SPI1_MOSI)
  (net 25 "Net-(C2-Pad1)")
  (net 26 "Net-(C6-Pad1)")
  (net 27 "Net-(C7-Pad1)")
  (net 28 OUTZ)
  (net 29 OUTA)
  (net 30 OUTB)
  (net 31 PWM1)
  (net 32 DAC_1)

  (net_class Default "This is the default net class."
    (clearance 0.2)
    (trace_width 0.25)
    (via_dia 0.8)
    (via_drill 0.4)
    (uvia_dia 0.3)
    (uvia_drill 0.1)
    (add_net +3V3)
    (add_net +5V)
    (add_net BLANK)
    (add_net DAC_1)
    (add_net GND)
    (add_net LED_A)
    (add_net LED_B)
    (add_net LED_C)
    (add_net LED_D)
    (add_net LRESET)
    (add_net "Net-(C2-Pad1)")
    (add_net "Net-(C6-Pad1)")
    (add_net "Net-(C7-Pad1)")
    (add_net "Net-(D1-Pad2)")
    (add_net "Net-(D2-Pad2)")
    (add_net "Net-(D3-Pad2)")
    (add_net "Net-(D4-Pad2)")
    (add_net "Net-(R5-Pad2)")
    (add_net "Net-(R6-Pad2)")
    (add_net "Net-(R7-Pad2)")
    (add_net OUTA)
    (add_net OUTB)
    (add_net OUTZ)
    (add_net PWM1)
    (add_net RS)
    (add_net SPI1_CLK)
    (add_net SPI1_CS0)
    (add_net SPI1_MOSI)
    (add_net SWCLK)
    (add_net SWDIO)
    (add_net USART1_RX)
    (add_net USART1_TX)
  )

  (module TestPoint:TestPoint_Pad_3.0x3.0mm (layer F.Cu) (tedit 5F2F86E8) (tstamp 5F2EE745)
    (at 160.782 91.948 90)
    (descr "SMD rectangular pad as test Point, square 3.0mm side length")
    (tags "test point SMD pad rectangle square")
    (path /5F327162)
    (attr virtual)
    (fp_text reference PWM (at -1.4605 0 180) (layer F.SilkS)
      (effects (font (size 0.5 0.7) (thickness 0.125)))
    )
    (fp_text value Conn_01x01_Female (at 0 2.55 90) (layer F.Fab)
      (effects (font (size 1 1) (thickness 0.15)))
    )
    (fp_line (start -1.524 -1.524) (end 1.524 -1.524) (layer F.CrtYd) (width 0.05))
    (fp_line (start -1.524 -1.524) (end -1.524 1.524) (layer F.CrtYd) (width 0.05))
    (fp_line (start 1.524 1.524) (end 1.524 -1.524) (layer F.CrtYd) (width 0.05))
    (fp_line (start 1.524 1.524) (end -1.524 1.524) (layer F.CrtYd) (width 0.05))
    (fp_text user %R (at 0 -2.4 90) (layer F.Fab)
      (effects (font (size 1 1) (thickness 0.15)))
    )
    (pad 1 smd rect (at 0 0 90) (size 2 2) (layers F.Cu F.Mask)
      (net 31 PWM1))
  )

  (module TestPoint:TestPoint_Plated_Hole_D2.0mm (layer F.Cu) (tedit 5F2F85D2) (tstamp 5F2F973E)
    (at 165.2905 109.0295 90)
    (descr "Plated Hole as test Point, diameter 2.0mm")
    (tags "test point plated hole")
    (path /5F3064C5)
    (attr virtual)
    (fp_text reference DAC (at 0 -2.3495 unlocked) (layer F.SilkS)
      (effects (font (size 1 1) (thickness 0.15)))
    )
    (fp_text value Conn_01x01_Female (at 0 2.45 90) (layer F.Fab)
      (effects (font (size 1 1) (thickness 0.15)))
    )
    (fp_circle (center 0 0) (end 0.8 0) (layer F.SilkS) (width 0.12))
    (fp_circle (center 0 0) (end 0.85 0) (layer F.CrtYd) (width 0.05))
    (fp_text user %R (at 0 -2.5 90) (layer F.Fab)
      (effects (font (size 1 1) (thickness 0.15)))
    )
    (pad 1 thru_hole circle (at 0 0 90) (size 1.35 1.35) (drill 0.8) (layers *.Cu *.Mask)
      (net 32 DAC_1))
  )

  (module Connector_PinHeader_2.54mm:PinHeader_1x04_P2.54mm_Vertical (layer F.Cu) (tedit 5F2F34D3) (tstamp 5F2C05B9)
    (at 166.243 95.504 270)
    (descr "Through hole straight pin header, 1x04, 2.54mm pitch, single row")
    (tags "Through hole pin header THT 1x04 2.54mm single row")
    (path /5BC0DC52)
    (fp_text reference J2 (at 0 -2.33 90) (layer F.SilkS) hide
      (effects (font (size 1 1) (thickness 0.15)))
    )
    (fp_text value Conn_01x04_Male (at 0 9.95 90) (layer F.Fab)
      (effects (font (size 1 1) (thickness 0.15)))
    )
    (fp_line (start -1.33 -1.33) (end 0 -1.33) (layer F.SilkS) (width 0.12))
    (fp_line (start -1.33 0) (end -1.33 -1.33) (layer F.SilkS) (width 0.12))
    (fp_line (start -1.33 1.27) (end 1.33 1.27) (layer F.SilkS) (width 0.12))
    (fp_line (start 1.33 1.27) (end 1.33 8.95) (layer F.SilkS) (width 0.12))
    (fp_line (start -1.33 1.27) (end -1.33 8.95) (layer F.SilkS) (width 0.12))
    (fp_line (start -1.33 8.95) (end 1.33 8.95) (layer F.SilkS) (width 0.12))
    (fp_line (start -1.27 -0.635) (end -0.635 -1.27) (layer F.Fab) (width 0.1))
    (fp_line (start -1.27 8.89) (end -1.27 -0.635) (layer F.Fab) (width 0.1))
    (fp_line (start 1.27 8.89) (end -1.27 8.89) (layer F.Fab) (width 0.1))
    (fp_line (start 1.27 -1.27) (end 1.27 8.89) (layer F.Fab) (width 0.1))
    (fp_line (start -0.635 -1.27) (end 1.27 -1.27) (layer F.Fab) (width 0.1))
    (fp_text user %R (at 0 3.81) (layer F.Fab)
      (effects (font (size 1 1) (thickness 0.15)))
    )
    (pad 1 thru_hole rect (at 0 0 270) (size 1.7 1.7) (drill 1) (layers *.Cu *.Mask)
      (net 10 SWDIO))
    (pad 2 thru_hole oval (at 0 2.54 270) (size 1.7 1.7) (drill 1) (layers *.Cu *.Mask)
      (net 11 SWCLK))
    (pad 3 thru_hole oval (at 0 5.08 270) (size 1.7 1.7) (drill 1) (layers *.Cu *.Mask)
      (net 3 +3V3))
    (pad 4 thru_hole oval (at 0 7.62 270) (size 1.7 1.7) (drill 1) (layers *.Cu *.Mask)
      (net 2 GND))
    (model ${KISYS3DMOD}/Connector_PinHeader_2.54mm.3dshapes/PinHeader_1x04_P2.54mm_Vertical.wrl
      (at (xyz 0 0 0))
      (scale (xyz 1 1 1))
      (rotate (xyz 0 0 0))
    )
  )

  (module kyleRhess_packages:HCMS-290x (layer F.Cu) (tedit 5F2C445B) (tstamp 5F2BFEB9)
    (at 158.937001 102.809999 90)
    (path /5F34A079)
    (fp_text reference HCMS-2903 (at -5.584501 -4.759001 180) (layer F.SilkS)
      (effects (font (size 0.5 0.5) (thickness 0.1)))
    )
    (fp_text value HCMS-2903 (at 0 -10.16 90) (layer F.Fab)
      (effects (font (size 1 1) (thickness 0.15)))
    )
    (fp_line (start -5.08 -8.89) (end -5.08 8.89) (layer F.SilkS) (width 0.12))
    (fp_line (start 5.08 -8.89) (end -5.08 -8.89) (layer F.SilkS) (width 0.12))
    (fp_line (start 5.08 8.89) (end 5.08 -8.89) (layer F.SilkS) (width 0.12))
    (fp_line (start -5.08 8.89) (end 5.08 8.89) (layer F.SilkS) (width 0.12))
    (pad 12 thru_hole circle (at 3.81 -6.35 90) (size 1.5 1.5) (drill 0.7) (layers *.Cu *.Mask)
      (net 19 LRESET))
    (pad 11 thru_hole circle (at 3.81 -3.81 90) (size 1.5 1.5) (drill 0.7) (layers *.Cu *.Mask)
      (net 3 +3V3))
    (pad 10 thru_hole circle (at 3.81 -1.27 90) (size 1.5 1.5) (drill 0.7) (layers *.Cu *.Mask)
      (net 16 "Net-(R5-Pad2)"))
    (pad 9 thru_hole circle (at 3.81 1.27 90) (size 1.5 1.5) (drill 0.7) (layers *.Cu *.Mask)
      (net 2 GND))
    (pad 8 thru_hole circle (at 3.81 3.81 90) (size 1.5 1.5) (drill 0.7) (layers *.Cu *.Mask)
      (net 20 BLANK))
    (pad 7 thru_hole circle (at 3.81 6.35 90) (size 1.5 1.5) (drill 0.7) (layers *.Cu *.Mask)
      (net 21 SPI1_CS0))
    (pad 6 thru_hole circle (at -3.81 6.35 90) (size 1.5 1.5) (drill 0.7) (layers *.Cu *.Mask)
      (net 22 SPI1_CLK))
    (pad 5 thru_hole circle (at -3.81 3.81 90) (size 1.5 1.5) (drill 0.7) (layers *.Cu *.Mask)
      (net 23 RS))
    (pad 4 thru_hole circle (at -3.81 1.27 90) (size 1.5 1.5) (drill 0.7) (layers *.Cu *.Mask)
      (net 24 SPI1_MOSI))
    (pad 3 thru_hole circle (at -3.81 -1.27 90) (size 1.5 1.5) (drill 0.7) (layers *.Cu *.Mask)
      (net 1 +5V))
    (pad 2 thru_hole circle (at -3.81 -3.81 90) (size 1.5 1.5) (drill 0.7) (layers *.Cu *.Mask))
    (pad 1 thru_hole circle (at -3.81 -6.35 90) (size 1.5 1.5) (drill 0.7) (layers *.Cu *.Mask))
  )

  (module kyleRhess_logos:logo_blackmesa (layer B.Cu) (tedit 0) (tstamp 5F2CE0BE)
    (at 130.048 105.156 180)
    (fp_text reference G*** (at 0 0) (layer B.SilkS) hide
      (effects (font (size 1.524 1.524) (thickness 0.3)) (justify mirror))
    )
    (fp_text value LOGO (at 0.75 0) (layer B.SilkS) hide
      (effects (font (size 1.524 1.524) (thickness 0.3)) (justify mirror))
    )
    (fp_poly (pts (xy 0.057794 1.475965) (xy 0.118775 1.474138) (xy 0.171968 1.471001) (xy 0.213261 1.466554)
      (xy 0.22006 1.465449) (xy 0.378421 1.430512) (xy 0.526014 1.383174) (xy 0.664246 1.322797)
      (xy 0.794524 1.248741) (xy 0.918256 1.160367) (xy 0.952183 1.132749) (xy 1.068062 1.025147)
      (xy 1.170112 0.907784) (xy 1.258332 0.78066) (xy 1.332722 0.643774) (xy 1.393283 0.497126)
      (xy 1.440014 0.340717) (xy 1.46545 0.22006) (xy 1.470173 0.181799) (xy 1.473587 0.130773)
      (xy 1.47569 0.071091) (xy 1.476483 0.006865) (xy 1.475966 -0.057794) (xy 1.474139 -0.118775)
      (xy 1.471002 -0.171968) (xy 1.466555 -0.213261) (xy 1.46545 -0.22006) (xy 1.428841 -0.383614)
      (xy 1.378402 -0.537405) (xy 1.314133 -0.681435) (xy 1.236035 -0.815704) (xy 1.144107 -0.940211)
      (xy 1.038349 -1.054957) (xy 0.952183 -1.13275) (xy 0.829137 -1.225982) (xy 0.700239 -1.304348)
      (xy 0.564044 -1.368516) (xy 0.419106 -1.419155) (xy 0.263979 -1.456931) (xy 0.24122 -1.461259)
      (xy 0.210928 -1.465399) (xy 0.168699 -1.469242) (xy 0.118377 -1.472633) (xy 0.063805 -1.475416)
      (xy 0.008828 -1.477437) (xy -0.042713 -1.47854) (xy -0.086973 -1.478571) (xy -0.120109 -1.477373)
      (xy -0.131189 -1.476282) (xy -0.19278 -1.467469) (xy -0.242093 -1.459744) (xy -0.283668 -1.452283)
      (xy -0.322046 -1.444262) (xy -0.361768 -1.434856) (xy -0.368101 -1.43328) (xy -0.514505 -1.388062)
      (xy -0.654978 -1.327565) (xy -0.788303 -1.252764) (xy -0.913261 -1.164639) (xy -1.028634 -1.064167)
      (xy -1.133204 -0.952326) (xy -1.225753 -0.830095) (xy -1.305063 -0.698451) (xy -1.320396 -0.668757)
      (xy -1.377895 -0.539547) (xy -1.423423 -0.404261) (xy -1.458128 -0.259348) (xy -1.465449 -0.22006)
      (xy -1.470173 -0.1818) (xy -1.473586 -0.130774) (xy -1.475689 -0.071092) (xy -1.476449 -0.009503)
      (xy -1.207081 -0.009503) (xy -1.205698 -0.080544) (xy -1.202127 -0.146673) (xy -1.196368 -0.203552)
      (xy -1.190729 -0.236988) (xy -1.155694 -0.366913) (xy -1.107569 -0.492363) (xy -1.04771 -0.610613)
      (xy -0.977469 -0.718936) (xy -0.90991 -0.80195) (xy -0.861891 -0.854849) (xy -0.533222 -0.854849)
      (xy -0.533222 0.050783) (xy 0.099451 0.050472) (xy 0.732123 0.050162) (xy 0.904836 -0.250367)
      (xy 0.9422 -0.314959) (xy 0.977095 -0.37447) (xy 1.008607 -0.427404) (xy 1.035824 -0.472262)
      (xy 1.057833 -0.507549) (xy 1.073721 -0.531767) (xy 1.082575 -0.543418) (xy 1.08401 -0.544175)
      (xy 1.092373 -0.530379) (xy 1.104418 -0.504012) (xy 1.11879 -0.468668) (xy 1.134133 -0.427936)
      (xy 1.149092 -0.385407) (xy 1.162311 -0.344674) (xy 1.171994 -0.31103) (xy 1.188741 -0.240705)
      (xy 1.20016 -0.17572) (xy 1.2068 -0.110636) (xy 1.209207 -0.040012) (xy 1.207928 0.041593)
      (xy 1.207808 0.045158) (xy 1.203937 0.122672) (xy 1.197525 0.188796) (xy 1.187646 0.248988)
      (xy 1.173376 0.308708) (xy 1.153788 0.373415) (xy 1.150448 0.383547) (xy 1.103269 0.504744)
      (xy 1.044979 0.616304) (xy 0.973837 0.721011) (xy 0.888103 0.821648) (xy 0.855377 0.855376)
      (xy 0.755599 0.94637) (xy 0.652708 1.022206) (xy 0.543877 1.084651) (xy 0.426283 1.135471)
      (xy 0.383548 1.1505) (xy 0.323556 1.169489) (xy 0.270148 1.183748) (xy 0.219021 1.1939)
      (xy 0.165871 1.200569) (xy 0.106396 1.204378) (xy 0.036293 1.205952) (xy 0 1.206098)
      (xy -0.076223 1.205333) (xy -0.139885 1.202621) (xy -0.195299 1.197333) (xy -0.246778 1.188843)
      (xy -0.298637 1.176523) (xy -0.35519 1.159745) (xy -0.384568 1.150158) (xy -0.508327 1.101516)
      (xy -0.622902 1.040672) (xy -0.730595 0.966186) (xy -0.833709 0.876616) (xy -0.855376 0.855376)
      (xy -0.951128 0.749257) (xy -1.03139 0.637448) (xy -1.096953 0.518487) (xy -1.148612 0.390912)
      (xy -1.187158 0.25326) (xy -1.190729 0.236987) (xy -1.198099 0.189695) (xy -1.203281 0.129956)
      (xy -1.206275 0.06211) (xy -1.207081 -0.009503) (xy -1.476449 -0.009503) (xy -1.476482 -0.006866)
      (xy -1.475965 0.057793) (xy -1.474138 0.118774) (xy -1.471001 0.171967) (xy -1.466554 0.21326)
      (xy -1.465449 0.22006) (xy -1.42884 0.383613) (xy -1.378401 0.537404) (xy -1.314132 0.681434)
      (xy -1.236034 0.815703) (xy -1.144106 0.94021) (xy -1.038348 1.054956) (xy -0.952182 1.132749)
      (xy -0.830043 1.225279) (xy -0.701755 1.303311) (xy -0.56591 1.367484) (xy -0.421101 1.418436)
      (xy -0.265922 1.456809) (xy -0.22006 1.465449) (xy -0.181799 1.470173) (xy -0.130773 1.473586)
      (xy -0.071091 1.475689) (xy -0.006865 1.476482) (xy 0.057794 1.475965)) (layer B.Mask) (width 0.01))
  )

  (module TestPoint:TestPoint_Pad_3.0x3.0mm (layer F.Cu) (tedit 5F2B9E57) (tstamp 5F2BFDAF)
    (at 139.827 93.472 90)
    (descr "SMD rectangular pad as test Point, square 3.0mm side length")
    (tags "test point SMD pad rectangle square")
    (path /5C5B1FE6)
    (attr virtual)
    (fp_text reference J6 (at 0 -2.398 90) (layer F.SilkS) hide
      (effects (font (size 1 1) (thickness 0.15)))
    )
    (fp_text value Conn_01x01_Female (at 0 2.55 90) (layer F.Fab)
      (effects (font (size 1 1) (thickness 0.15)))
    )
    (fp_line (start 2 2) (end -2 2) (layer F.CrtYd) (width 0.05))
    (fp_line (start 2 2) (end 2 -2) (layer F.CrtYd) (width 0.05))
    (fp_line (start -2 -2) (end -2 2) (layer F.CrtYd) (width 0.05))
    (fp_line (start -2 -2) (end 2 -2) (layer F.CrtYd) (width 0.05))
    (fp_line (start -1.7 1.7) (end -1.7 -1.7) (layer F.SilkS) (width 0.12))
    (fp_line (start 1.7 1.7) (end -1.7 1.7) (layer F.SilkS) (width 0.12))
    (fp_line (start 1.7 -1.7) (end 1.7 1.7) (layer F.SilkS) (width 0.12))
    (fp_line (start -1.7 -1.7) (end 1.7 -1.7) (layer F.SilkS) (width 0.12))
    (fp_text user %R (at 0 -2.4 90) (layer F.Fab)
      (effects (font (size 1 1) (thickness 0.15)))
    )
    (pad 1 smd rect (at 0 0 90) (size 3 3) (layers F.Cu F.Mask)
      (net 1 +5V))
  )

  (module Connector_PinSocket_2.00mm:PinSocket_1x02_P2.00mm_Vertical (layer F.Cu) (tedit 5F2B9E3C) (tstamp 5F2BFD5F)
    (at 166.243 91.948 270)
    (descr "Through hole straight socket strip, 1x02, 2.00mm pitch, single row (from Kicad 4.0.7), script generated")
    (tags "Through hole socket strip THT 1x02 2.00mm single row")
    (path /5C908AD8)
    (fp_text reference J1 (at 0 -2.5 270) (layer F.SilkS) hide
      (effects (font (size 1 1) (thickness 0.15)))
    )
    (fp_text value Conn_01x02_Female (at 0 4.5 270) (layer F.Fab)
      (effects (font (size 1 1) (thickness 0.15)))
    )
    (fp_line (start -1.5 3.5) (end -1.5 -1.5) (layer F.CrtYd) (width 0.05))
    (fp_line (start 1.5 3.5) (end -1.5 3.5) (layer F.CrtYd) (width 0.05))
    (fp_line (start 1.5 -1.5) (end 1.5 3.5) (layer F.CrtYd) (width 0.05))
    (fp_line (start -1.5 -1.5) (end 1.5 -1.5) (layer F.CrtYd) (width 0.05))
    (fp_line (start 0 -1.06) (end 1.06 -1.06) (layer F.SilkS) (width 0.12))
    (fp_line (start 1.06 -1.06) (end 1.06 0) (layer F.SilkS) (width 0.12))
    (fp_line (start 1.06 1) (end 1.06 3.06) (layer F.SilkS) (width 0.12))
    (fp_line (start -1.06 3.06) (end 1.06 3.06) (layer F.SilkS) (width 0.12))
    (fp_line (start -1.06 1) (end -1.06 3.06) (layer F.SilkS) (width 0.12))
    (fp_line (start -1.06 1) (end 1.06 1) (layer F.SilkS) (width 0.12))
    (fp_line (start -1 3) (end -1 -1) (layer F.Fab) (width 0.1))
    (fp_line (start 1 3) (end -1 3) (layer F.Fab) (width 0.1))
    (fp_line (start 1 -0.5) (end 1 3) (layer F.Fab) (width 0.1))
    (fp_line (start 0.5 -1) (end 1 -0.5) (layer F.Fab) (width 0.1))
    (fp_line (start -1 -1) (end 0.5 -1) (layer F.Fab) (width 0.1))
    (fp_text user %R (at 0 1 180) (layer F.Fab)
      (effects (font (size 1 1) (thickness 0.15)))
    )
    (pad 1 thru_hole rect (at 0 0 270) (size 1.35 1.35) (drill 0.8) (layers *.Cu *.Mask)
      (net 8 USART1_TX))
    (pad 2 thru_hole oval (at 0 2 270) (size 1.35 1.35) (drill 0.8) (layers *.Cu *.Mask)
      (net 9 USART1_RX))
    (model ${KISYS3DMOD}/Connector_PinSocket_2.00mm.3dshapes/PinSocket_1x02_P2.00mm_Vertical.wrl
      (at (xyz 0 0 0))
      (scale (xyz 1 1 1))
      (rotate (xyz 0 0 0))
    )
  )

  (module Connector_PinHeader_2.00mm:PinHeader_1x05_P2.00mm_Vertical (layer F.Cu) (tedit 5F2B9E12) (tstamp 5F2C3468)
    (at 132.207 101.6 180)
    (descr "Through hole straight pin header, 1x05, 2.00mm pitch, single row")
    (tags "Through hole pin header THT 1x05 2.00mm single row")
    (path /5F5C18BA)
    (fp_text reference J3 (at -0.508 -1.778) (layer F.SilkS) hide
      (effects (font (size 1 1) (thickness 0.15)))
    )
    (fp_text value Conn_01x05_Male (at 0 10.06) (layer F.Fab)
      (effects (font (size 1 1) (thickness 0.15)))
    )
    (fp_line (start 1.5 -1.5) (end -1.5 -1.5) (layer F.CrtYd) (width 0.05))
    (fp_line (start 1.5 9.5) (end 1.5 -1.5) (layer F.CrtYd) (width 0.05))
    (fp_line (start -1.5 9.5) (end 1.5 9.5) (layer F.CrtYd) (width 0.05))
    (fp_line (start -1.5 -1.5) (end -1.5 9.5) (layer F.CrtYd) (width 0.05))
    (fp_line (start -1.06 -1.06) (end 0 -1.06) (layer F.SilkS) (width 0.12))
    (fp_line (start -1.06 0) (end -1.06 -1.06) (layer F.SilkS) (width 0.12))
    (fp_line (start -1.06 1) (end 1.06 1) (layer F.SilkS) (width 0.12))
    (fp_line (start 1.06 1) (end 1.06 9.06) (layer F.SilkS) (width 0.12))
    (fp_line (start -1.06 1) (end -1.06 9.06) (layer F.SilkS) (width 0.12))
    (fp_line (start -1.06 9.06) (end 1.06 9.06) (layer F.SilkS) (width 0.12))
    (fp_line (start -1 -0.5) (end -0.5 -1) (layer F.Fab) (width 0.1))
    (fp_line (start -1 9) (end -1 -0.5) (layer F.Fab) (width 0.1))
    (fp_line (start 1 9) (end -1 9) (layer F.Fab) (width 0.1))
    (fp_line (start 1 -1) (end 1 9) (layer F.Fab) (width 0.1))
    (fp_line (start -0.5 -1) (end 1 -1) (layer F.Fab) (width 0.1))
    (fp_text user %R (at 0 4 270) (layer F.Fab)
      (effects (font (size 1 1) (thickness 0.15)))
    )
    (pad 1 thru_hole rect (at 0 0 180) (size 1.35 1.35) (drill 0.8) (layers *.Cu *.Mask)
      (net 29 OUTA))
    (pad 2 thru_hole oval (at 0 2 180) (size 1.35 1.35) (drill 0.8) (layers *.Cu *.Mask)
      (net 30 OUTB))
    (pad 3 thru_hole oval (at 0 4 180) (size 1.35 1.35) (drill 0.8) (layers *.Cu *.Mask)
      (net 28 OUTZ))
    (pad 4 thru_hole oval (at 0 6 180) (size 1.35 1.35) (drill 0.8) (layers *.Cu *.Mask)
      (net 1 +5V))
    (pad 5 thru_hole oval (at 0 8 180) (size 1.35 1.35) (drill 0.8) (layers *.Cu *.Mask)
      (net 2 GND))
    (model ${KISYS3DMOD}/Connector_PinHeader_2.00mm.3dshapes/PinHeader_1x05_P2.00mm_Vertical.wrl
      (at (xyz 0 0 0))
      (scale (xyz 1 1 1))
      (rotate (xyz 0 0 0))
    )
  )

  (module Capacitor_SMD:C_0603_1608Metric (layer F.Cu) (tedit 5B301BBE) (tstamp 5F2BFC53)
    (at 157.099 92.456 270)
    (descr "Capacitor SMD 0603 (1608 Metric), square (rectangular) end terminal, IPC_7351 nominal, (Body size source: http://www.tortai-tech.com/upload/download/2011102023233369053.pdf), generated with kicad-footprint-generator")
    (tags capacitor)
    (path /5BBEC4B8)
    (attr smd)
    (fp_text reference C1 (at -0.762 -1.397) (layer F.SilkS)
      (effects (font (size 0.7 0.7) (thickness 0.15)))
    )
    (fp_text value 1uF (at 0 1.43 90) (layer F.Fab)
      (effects (font (size 1 1) (thickness 0.15)))
    )
    (fp_line (start 1.48 0.73) (end -1.48 0.73) (layer F.CrtYd) (width 0.05))
    (fp_line (start 1.48 -0.73) (end 1.48 0.73) (layer F.CrtYd) (width 0.05))
    (fp_line (start -1.48 -0.73) (end 1.48 -0.73) (layer F.CrtYd) (width 0.05))
    (fp_line (start -1.48 0.73) (end -1.48 -0.73) (layer F.CrtYd) (width 0.05))
    (fp_line (start -0.162779 0.51) (end 0.162779 0.51) (layer F.SilkS) (width 0.12))
    (fp_line (start -0.162779 -0.51) (end 0.162779 -0.51) (layer F.SilkS) (width 0.12))
    (fp_line (start 0.8 0.4) (end -0.8 0.4) (layer F.Fab) (width 0.1))
    (fp_line (start 0.8 -0.4) (end 0.8 0.4) (layer F.Fab) (width 0.1))
    (fp_line (start -0.8 -0.4) (end 0.8 -0.4) (layer F.Fab) (width 0.1))
    (fp_line (start -0.8 0.4) (end -0.8 -0.4) (layer F.Fab) (width 0.1))
    (fp_text user %R (at 0 0 90) (layer F.Fab)
      (effects (font (size 0.4 0.4) (thickness 0.06)))
    )
    (pad 1 smd roundrect (at -0.7875 0 270) (size 0.875 0.95) (layers F.Cu F.Paste F.Mask) (roundrect_rratio 0.25)
      (net 1 +5V))
    (pad 2 smd roundrect (at 0.7875 0 270) (size 0.875 0.95) (layers F.Cu F.Paste F.Mask) (roundrect_rratio 0.25)
      (net 2 GND))
    (model ${KISYS3DMOD}/Capacitor_SMD.3dshapes/C_0603_1608Metric.wrl
      (at (xyz 0 0 0))
      (scale (xyz 1 1 1))
      (rotate (xyz 0 0 0))
    )
  )

  (module Capacitor_SMD:C_0603_1608Metric (layer F.Cu) (tedit 5B301BBE) (tstamp 5F2C1F8D)
    (at 152.019 92.456 90)
    (descr "Capacitor SMD 0603 (1608 Metric), square (rectangular) end terminal, IPC_7351 nominal, (Body size source: http://www.tortai-tech.com/upload/download/2011102023233369053.pdf), generated with kicad-footprint-generator")
    (tags capacitor)
    (path /5BBECE27)
    (attr smd)
    (fp_text reference C2 (at 0 -1.651 180) (layer F.SilkS)
      (effects (font (size 1 1) (thickness 0.15)))
    )
    (fp_text value 10nF (at 0 1.43 90) (layer F.Fab)
      (effects (font (size 1 1) (thickness 0.15)))
    )
    (fp_line (start -0.8 0.4) (end -0.8 -0.4) (layer F.Fab) (width 0.1))
    (fp_line (start -0.8 -0.4) (end 0.8 -0.4) (layer F.Fab) (width 0.1))
    (fp_line (start 0.8 -0.4) (end 0.8 0.4) (layer F.Fab) (width 0.1))
    (fp_line (start 0.8 0.4) (end -0.8 0.4) (layer F.Fab) (width 0.1))
    (fp_line (start -0.162779 -0.51) (end 0.162779 -0.51) (layer F.SilkS) (width 0.12))
    (fp_line (start -0.162779 0.51) (end 0.162779 0.51) (layer F.SilkS) (width 0.12))
    (fp_line (start -1.48 0.73) (end -1.48 -0.73) (layer F.CrtYd) (width 0.05))
    (fp_line (start -1.48 -0.73) (end 1.48 -0.73) (layer F.CrtYd) (width 0.05))
    (fp_line (start 1.48 -0.73) (end 1.48 0.73) (layer F.CrtYd) (width 0.05))
    (fp_line (start 1.48 0.73) (end -1.48 0.73) (layer F.CrtYd) (width 0.05))
    (fp_text user %R (at 0 0 90) (layer F.Fab)
      (effects (font (size 0.4 0.4) (thickness 0.06)))
    )
    (pad 2 smd roundrect (at 0.7875 0 90) (size 0.875 0.95) (layers F.Cu F.Paste F.Mask) (roundrect_rratio 0.25)
      (net 2 GND))
    (pad 1 smd roundrect (at -0.7875 0 90) (size 0.875 0.95) (layers F.Cu F.Paste F.Mask) (roundrect_rratio 0.25)
      (net 25 "Net-(C2-Pad1)"))
    (model ${KISYS3DMOD}/Capacitor_SMD.3dshapes/C_0603_1608Metric.wrl
      (at (xyz 0 0 0))
      (scale (xyz 1 1 1))
      (rotate (xyz 0 0 0))
    )
  )

  (module Capacitor_SMD:C_0603_1608Metric (layer F.Cu) (tedit 5B301BBE) (tstamp 5F2BFC75)
    (at 150.495 96.52)
    (descr "Capacitor SMD 0603 (1608 Metric), square (rectangular) end terminal, IPC_7351 nominal, (Body size source: http://www.tortai-tech.com/upload/download/2011102023233369053.pdf), generated with kicad-footprint-generator")
    (tags capacitor)
    (path /5BBEFFA3)
    (attr smd)
    (fp_text reference C3 (at 0 -1.3335) (layer F.SilkS)
      (effects (font (size 1 1) (thickness 0.15)))
    )
    (fp_text value 2.2uF (at 0 1.43) (layer F.Fab)
      (effects (font (size 1 1) (thickness 0.15)))
    )
    (fp_line (start -0.8 0.4) (end -0.8 -0.4) (layer F.Fab) (width 0.1))
    (fp_line (start -0.8 -0.4) (end 0.8 -0.4) (layer F.Fab) (width 0.1))
    (fp_line (start 0.8 -0.4) (end 0.8 0.4) (layer F.Fab) (width 0.1))
    (fp_line (start 0.8 0.4) (end -0.8 0.4) (layer F.Fab) (width 0.1))
    (fp_line (start -0.162779 -0.51) (end 0.162779 -0.51) (layer F.SilkS) (width 0.12))
    (fp_line (start -0.162779 0.51) (end 0.162779 0.51) (layer F.SilkS) (width 0.12))
    (fp_line (start -1.48 0.73) (end -1.48 -0.73) (layer F.CrtYd) (width 0.05))
    (fp_line (start -1.48 -0.73) (end 1.48 -0.73) (layer F.CrtYd) (width 0.05))
    (fp_line (start 1.48 -0.73) (end 1.48 0.73) (layer F.CrtYd) (width 0.05))
    (fp_line (start 1.48 0.73) (end -1.48 0.73) (layer F.CrtYd) (width 0.05))
    (fp_text user %R (at 0 0) (layer F.Fab)
      (effects (font (size 0.4 0.4) (thickness 0.06)))
    )
    (pad 2 smd roundrect (at 0.7875 0) (size 0.875 0.95) (layers F.Cu F.Paste F.Mask) (roundrect_rratio 0.25)
      (net 2 GND))
    (pad 1 smd roundrect (at -0.7875 0) (size 0.875 0.95) (layers F.Cu F.Paste F.Mask) (roundrect_rratio 0.25)
      (net 3 +3V3))
    (model ${KISYS3DMOD}/Capacitor_SMD.3dshapes/C_0603_1608Metric.wrl
      (at (xyz 0 0 0))
      (scale (xyz 1 1 1))
      (rotate (xyz 0 0 0))
    )
  )

  (module Capacitor_SMD:C_0603_1608Metric (layer F.Cu) (tedit 5B301BBE) (tstamp 5F2BFC86)
    (at 153.543 96.52)
    (descr "Capacitor SMD 0603 (1608 Metric), square (rectangular) end terminal, IPC_7351 nominal, (Body size source: http://www.tortai-tech.com/upload/download/2011102023233369053.pdf), generated with kicad-footprint-generator")
    (tags capacitor)
    (path /5BBEFFAA)
    (attr smd)
    (fp_text reference C4 (at 0 -1.3335) (layer F.SilkS)
      (effects (font (size 1 1) (thickness 0.15)))
    )
    (fp_text value 0.1uF (at 0 1.43) (layer F.Fab)
      (effects (font (size 1 1) (thickness 0.15)))
    )
    (fp_line (start -0.8 0.4) (end -0.8 -0.4) (layer F.Fab) (width 0.1))
    (fp_line (start -0.8 -0.4) (end 0.8 -0.4) (layer F.Fab) (width 0.1))
    (fp_line (start 0.8 -0.4) (end 0.8 0.4) (layer F.Fab) (width 0.1))
    (fp_line (start 0.8 0.4) (end -0.8 0.4) (layer F.Fab) (width 0.1))
    (fp_line (start -0.162779 -0.51) (end 0.162779 -0.51) (layer F.SilkS) (width 0.12))
    (fp_line (start -0.162779 0.51) (end 0.162779 0.51) (layer F.SilkS) (width 0.12))
    (fp_line (start -1.48 0.73) (end -1.48 -0.73) (layer F.CrtYd) (width 0.05))
    (fp_line (start -1.48 -0.73) (end 1.48 -0.73) (layer F.CrtYd) (width 0.05))
    (fp_line (start 1.48 -0.73) (end 1.48 0.73) (layer F.CrtYd) (width 0.05))
    (fp_line (start 1.48 0.73) (end -1.48 0.73) (layer F.CrtYd) (width 0.05))
    (fp_text user %R (at 0 0) (layer F.Fab)
      (effects (font (size 0.4 0.4) (thickness 0.06)))
    )
    (pad 2 smd roundrect (at 0.7875 0) (size 0.875 0.95) (layers F.Cu F.Paste F.Mask) (roundrect_rratio 0.25)
      (net 2 GND))
    (pad 1 smd roundrect (at -0.7875 0) (size 0.875 0.95) (layers F.Cu F.Paste F.Mask) (roundrect_rratio 0.25)
      (net 3 +3V3))
    (model ${KISYS3DMOD}/Capacitor_SMD.3dshapes/C_0603_1608Metric.wrl
      (at (xyz 0 0 0))
      (scale (xyz 1 1 1))
      (rotate (xyz 0 0 0))
    )
  )

  (module Capacitor_SMD:C_0603_1608Metric (layer B.Cu) (tedit 5B301BBE) (tstamp 5F2BFC97)
    (at 143.891 103.886 270)
    (descr "Capacitor SMD 0603 (1608 Metric), square (rectangular) end terminal, IPC_7351 nominal, (Body size source: http://www.tortai-tech.com/upload/download/2011102023233369053.pdf), generated with kicad-footprint-generator")
    (tags capacitor)
    (path /5BBEFFB1)
    (attr smd)
    (fp_text reference C5 (at 0 -1.905) (layer B.SilkS)
      (effects (font (size 1 1) (thickness 0.15)) (justify mirror))
    )
    (fp_text value 10nF (at 0 -1.43 270) (layer B.Fab)
      (effects (font (size 1 1) (thickness 0.15)) (justify mirror))
    )
    (fp_line (start -0.8 -0.4) (end -0.8 0.4) (layer B.Fab) (width 0.1))
    (fp_line (start -0.8 0.4) (end 0.8 0.4) (layer B.Fab) (width 0.1))
    (fp_line (start 0.8 0.4) (end 0.8 -0.4) (layer B.Fab) (width 0.1))
    (fp_line (start 0.8 -0.4) (end -0.8 -0.4) (layer B.Fab) (width 0.1))
    (fp_line (start -0.162779 0.51) (end 0.162779 0.51) (layer B.SilkS) (width 0.12))
    (fp_line (start -0.162779 -0.51) (end 0.162779 -0.51) (layer B.SilkS) (width 0.12))
    (fp_line (start -1.48 -0.73) (end -1.48 0.73) (layer B.CrtYd) (width 0.05))
    (fp_line (start -1.48 0.73) (end 1.48 0.73) (layer B.CrtYd) (width 0.05))
    (fp_line (start 1.48 0.73) (end 1.48 -0.73) (layer B.CrtYd) (width 0.05))
    (fp_line (start 1.48 -0.73) (end -1.48 -0.73) (layer B.CrtYd) (width 0.05))
    (fp_text user %R (at 0 0 270) (layer B.Fab)
      (effects (font (size 0.4 0.4) (thickness 0.06)) (justify mirror))
    )
    (pad 2 smd roundrect (at 0.7875 0 270) (size 0.875 0.95) (layers B.Cu B.Paste B.Mask) (roundrect_rratio 0.25)
      (net 2 GND))
    (pad 1 smd roundrect (at -0.7875 0 270) (size 0.875 0.95) (layers B.Cu B.Paste B.Mask) (roundrect_rratio 0.25)
      (net 3 +3V3))
    (model ${KISYS3DMOD}/Capacitor_SMD.3dshapes/C_0603_1608Metric.wrl
      (at (xyz 0 0 0))
      (scale (xyz 1 1 1))
      (rotate (xyz 0 0 0))
    )
  )

  (module Capacitor_SMD:C_0603_1608Metric (layer B.Cu) (tedit 5B301BBE) (tstamp 5F2BFCA8)
    (at 142.113 103.886 270)
    (descr "Capacitor SMD 0603 (1608 Metric), square (rectangular) end terminal, IPC_7351 nominal, (Body size source: http://www.tortai-tech.com/upload/download/2011102023233369053.pdf), generated with kicad-footprint-generator")
    (tags capacitor)
    (path /5BC062E6)
    (attr smd)
    (fp_text reference C6 (at 0 1.905 180) (layer B.SilkS)
      (effects (font (size 1 1) (thickness 0.15)) (justify mirror))
    )
    (fp_text value 0.1uF (at 0 -1.43 90) (layer B.Fab)
      (effects (font (size 1 1) (thickness 0.15)) (justify mirror))
    )
    (fp_line (start 1.48 -0.73) (end -1.48 -0.73) (layer B.CrtYd) (width 0.05))
    (fp_line (start 1.48 0.73) (end 1.48 -0.73) (layer B.CrtYd) (width 0.05))
    (fp_line (start -1.48 0.73) (end 1.48 0.73) (layer B.CrtYd) (width 0.05))
    (fp_line (start -1.48 -0.73) (end -1.48 0.73) (layer B.CrtYd) (width 0.05))
    (fp_line (start -0.162779 -0.51) (end 0.162779 -0.51) (layer B.SilkS) (width 0.12))
    (fp_line (start -0.162779 0.51) (end 0.162779 0.51) (layer B.SilkS) (width 0.12))
    (fp_line (start 0.8 -0.4) (end -0.8 -0.4) (layer B.Fab) (width 0.1))
    (fp_line (start 0.8 0.4) (end 0.8 -0.4) (layer B.Fab) (width 0.1))
    (fp_line (start -0.8 0.4) (end 0.8 0.4) (layer B.Fab) (width 0.1))
    (fp_line (start -0.8 -0.4) (end -0.8 0.4) (layer B.Fab) (width 0.1))
    (fp_text user %R (at 0 0 90) (layer B.Fab)
      (effects (font (size 0.4 0.4) (thickness 0.06)) (justify mirror))
    )
    (pad 1 smd roundrect (at -0.7875 0 270) (size 0.875 0.95) (layers B.Cu B.Paste B.Mask) (roundrect_rratio 0.25)
      (net 26 "Net-(C6-Pad1)"))
    (pad 2 smd roundrect (at 0.7875 0 270) (size 0.875 0.95) (layers B.Cu B.Paste B.Mask) (roundrect_rratio 0.25)
      (net 2 GND))
    (model ${KISYS3DMOD}/Capacitor_SMD.3dshapes/C_0603_1608Metric.wrl
      (at (xyz 0 0 0))
      (scale (xyz 1 1 1))
      (rotate (xyz 0 0 0))
    )
  )

  (module Capacitor_SMD:C_0603_1608Metric (layer B.Cu) (tedit 5B301BBE) (tstamp 5F2BFCB9)
    (at 146.177 100.6095 270)
    (descr "Capacitor SMD 0603 (1608 Metric), square (rectangular) end terminal, IPC_7351 nominal, (Body size source: http://www.tortai-tech.com/upload/download/2011102023233369053.pdf), generated with kicad-footprint-generator")
    (tags capacitor)
    (path /5BC08697)
    (attr smd)
    (fp_text reference C7 (at -0.0255 -1.651 180) (layer B.SilkS)
      (effects (font (size 1 1) (thickness 0.15)) (justify mirror))
    )
    (fp_text value 2.2uF (at 0 -1.43 90) (layer B.Fab)
      (effects (font (size 1 1) (thickness 0.15)) (justify mirror))
    )
    (fp_line (start 1.48 -0.73) (end -1.48 -0.73) (layer B.CrtYd) (width 0.05))
    (fp_line (start 1.48 0.73) (end 1.48 -0.73) (layer B.CrtYd) (width 0.05))
    (fp_line (start -1.48 0.73) (end 1.48 0.73) (layer B.CrtYd) (width 0.05))
    (fp_line (start -1.48 -0.73) (end -1.48 0.73) (layer B.CrtYd) (width 0.05))
    (fp_line (start -0.162779 -0.51) (end 0.162779 -0.51) (layer B.SilkS) (width 0.12))
    (fp_line (start -0.162779 0.51) (end 0.162779 0.51) (layer B.SilkS) (width 0.12))
    (fp_line (start 0.8 -0.4) (end -0.8 -0.4) (layer B.Fab) (width 0.1))
    (fp_line (start 0.8 0.4) (end 0.8 -0.4) (layer B.Fab) (width 0.1))
    (fp_line (start -0.8 0.4) (end 0.8 0.4) (layer B.Fab) (width 0.1))
    (fp_line (start -0.8 -0.4) (end -0.8 0.4) (layer B.Fab) (width 0.1))
    (fp_text user %R (at 0 0 90) (layer B.Fab)
      (effects (font (size 0.4 0.4) (thickness 0.06)) (justify mirror))
    )
    (pad 1 smd roundrect (at -0.7875 0 270) (size 0.875 0.95) (layers B.Cu B.Paste B.Mask) (roundrect_rratio 0.25)
      (net 27 "Net-(C7-Pad1)"))
    (pad 2 smd roundrect (at 0.7875 0 270) (size 0.875 0.95) (layers B.Cu B.Paste B.Mask) (roundrect_rratio 0.25)
      (net 2 GND))
    (model ${KISYS3DMOD}/Capacitor_SMD.3dshapes/C_0603_1608Metric.wrl
      (at (xyz 0 0 0))
      (scale (xyz 1 1 1))
      (rotate (xyz 0 0 0))
    )
  )

  (module LED_SMD:LED_0603_1608Metric (layer F.Cu) (tedit 5B301BBE) (tstamp 5F2C3359)
    (at 148.59 93.853 270)
    (descr "LED SMD 0603 (1608 Metric), square (rectangular) end terminal, IPC_7351 nominal, (Body size source: http://www.tortai-tech.com/upload/download/2011102023233369053.pdf), generated with kicad-footprint-generator")
    (tags diode)
    (path /5BC188F9)
    (attr smd)
    (fp_text reference D1 (at -2.413 0 180) (layer F.SilkS)
      (effects (font (size 1 1) (thickness 0.15)))
    )
    (fp_text value LED (at 0 1.43 90) (layer F.Fab)
      (effects (font (size 1 1) (thickness 0.15)))
    )
    (fp_line (start 1.48 0.73) (end -1.48 0.73) (layer F.CrtYd) (width 0.05))
    (fp_line (start 1.48 -0.73) (end 1.48 0.73) (layer F.CrtYd) (width 0.05))
    (fp_line (start -1.48 -0.73) (end 1.48 -0.73) (layer F.CrtYd) (width 0.05))
    (fp_line (start -1.48 0.73) (end -1.48 -0.73) (layer F.CrtYd) (width 0.05))
    (fp_line (start -1.485 0.735) (end 0.8 0.735) (layer F.SilkS) (width 0.12))
    (fp_line (start -1.485 -0.735) (end -1.485 0.735) (layer F.SilkS) (width 0.12))
    (fp_line (start 0.8 -0.735) (end -1.485 -0.735) (layer F.SilkS) (width 0.12))
    (fp_line (start 0.8 0.4) (end 0.8 -0.4) (layer F.Fab) (width 0.1))
    (fp_line (start -0.8 0.4) (end 0.8 0.4) (layer F.Fab) (width 0.1))
    (fp_line (start -0.8 -0.1) (end -0.8 0.4) (layer F.Fab) (width 0.1))
    (fp_line (start -0.5 -0.4) (end -0.8 -0.1) (layer F.Fab) (width 0.1))
    (fp_line (start 0.8 -0.4) (end -0.5 -0.4) (layer F.Fab) (width 0.1))
    (fp_text user %R (at 0 0 90) (layer F.Fab)
      (effects (font (size 0.4 0.4) (thickness 0.06)))
    )
    (pad 1 smd roundrect (at -0.7875 0 270) (size 0.875 0.95) (layers F.Cu F.Paste F.Mask) (roundrect_rratio 0.25)
      (net 2 GND))
    (pad 2 smd roundrect (at 0.7875 0 270) (size 0.875 0.95) (layers F.Cu F.Paste F.Mask) (roundrect_rratio 0.25)
      (net 4 "Net-(D1-Pad2)"))
    (model ${KISYS3DMOD}/LED_SMD.3dshapes/LED_0603_1608Metric.wrl
      (at (xyz 0 0 0))
      (scale (xyz 1 1 1))
      (rotate (xyz 0 0 0))
    )
  )

  (module LED_SMD:LED_0603_1608Metric (layer F.Cu) (tedit 5B301BBE) (tstamp 5F2C33FB)
    (at 146.685 93.853 270)
    (descr "LED SMD 0603 (1608 Metric), square (rectangular) end terminal, IPC_7351 nominal, (Body size source: http://www.tortai-tech.com/upload/download/2011102023233369053.pdf), generated with kicad-footprint-generator")
    (tags diode)
    (path /5BC26D7E)
    (attr smd)
    (fp_text reference D2 (at -2.413 0 180) (layer F.SilkS)
      (effects (font (size 1 1) (thickness 0.15)))
    )
    (fp_text value LED (at 0 1.43 90) (layer F.Fab)
      (effects (font (size 1 1) (thickness 0.15)))
    )
    (fp_line (start 0.8 -0.4) (end -0.5 -0.4) (layer F.Fab) (width 0.1))
    (fp_line (start -0.5 -0.4) (end -0.8 -0.1) (layer F.Fab) (width 0.1))
    (fp_line (start -0.8 -0.1) (end -0.8 0.4) (layer F.Fab) (width 0.1))
    (fp_line (start -0.8 0.4) (end 0.8 0.4) (layer F.Fab) (width 0.1))
    (fp_line (start 0.8 0.4) (end 0.8 -0.4) (layer F.Fab) (width 0.1))
    (fp_line (start 0.8 -0.735) (end -1.485 -0.735) (layer F.SilkS) (width 0.12))
    (fp_line (start -1.485 -0.735) (end -1.485 0.735) (layer F.SilkS) (width 0.12))
    (fp_line (start -1.485 0.735) (end 0.8 0.735) (layer F.SilkS) (width 0.12))
    (fp_line (start -1.48 0.73) (end -1.48 -0.73) (layer F.CrtYd) (width 0.05))
    (fp_line (start -1.48 -0.73) (end 1.48 -0.73) (layer F.CrtYd) (width 0.05))
    (fp_line (start 1.48 -0.73) (end 1.48 0.73) (layer F.CrtYd) (width 0.05))
    (fp_line (start 1.48 0.73) (end -1.48 0.73) (layer F.CrtYd) (width 0.05))
    (fp_text user %R (at 0 0 90) (layer F.Fab)
      (effects (font (size 0.4 0.4) (thickness 0.06)))
    )
    (pad 2 smd roundrect (at 0.7875 0 270) (size 0.875 0.95) (layers F.Cu F.Paste F.Mask) (roundrect_rratio 0.25)
      (net 5 "Net-(D2-Pad2)"))
    (pad 1 smd roundrect (at -0.7875 0 270) (size 0.875 0.95) (layers F.Cu F.Paste F.Mask) (roundrect_rratio 0.25)
      (net 2 GND))
    (model ${KISYS3DMOD}/LED_SMD.3dshapes/LED_0603_1608Metric.wrl
      (at (xyz 0 0 0))
      (scale (xyz 1 1 1))
      (rotate (xyz 0 0 0))
    )
  )

  (module LED_SMD:LED_0603_1608Metric (layer F.Cu) (tedit 5B301BBE) (tstamp 5F2C33C5)
    (at 144.78 93.853 270)
    (descr "LED SMD 0603 (1608 Metric), square (rectangular) end terminal, IPC_7351 nominal, (Body size source: http://www.tortai-tech.com/upload/download/2011102023233369053.pdf), generated with kicad-footprint-generator")
    (tags diode)
    (path /5BC286C8)
    (attr smd)
    (fp_text reference D3 (at -2.413 0 180) (layer F.SilkS)
      (effects (font (size 1 1) (thickness 0.15)))
    )
    (fp_text value LED (at 0 1.43 90) (layer F.Fab)
      (effects (font (size 1 1) (thickness 0.15)))
    )
    (fp_line (start 1.48 0.73) (end -1.48 0.73) (layer F.CrtYd) (width 0.05))
    (fp_line (start 1.48 -0.73) (end 1.48 0.73) (layer F.CrtYd) (width 0.05))
    (fp_line (start -1.48 -0.73) (end 1.48 -0.73) (layer F.CrtYd) (width 0.05))
    (fp_line (start -1.48 0.73) (end -1.48 -0.73) (layer F.CrtYd) (width 0.05))
    (fp_line (start -1.485 0.735) (end 0.8 0.735) (layer F.SilkS) (width 0.12))
    (fp_line (start -1.485 -0.735) (end -1.485 0.735) (layer F.SilkS) (width 0.12))
    (fp_line (start 0.8 -0.735) (end -1.485 -0.735) (layer F.SilkS) (width 0.12))
    (fp_line (start 0.8 0.4) (end 0.8 -0.4) (layer F.Fab) (width 0.1))
    (fp_line (start -0.8 0.4) (end 0.8 0.4) (layer F.Fab) (width 0.1))
